# Vol_#             Name MaxVal MinVal       Mean   Std.Dev.    Vol_mm3    RngMean    RngSDev    Rng Vol               File Object Map 
#
      1         lean_sum   2169   1751    1883.55      71.21   13798.31    1883.55      71.21   13798.31 CT_20130517_110551      three 
      1          fat_sum   1750   1450    1654.38      69.05    5723.61    1654.38      69.05    5723.61 CT_20130517_110551      three 
      1         bone_sum   5241   2170    2762.76     451.26    1509.55    2762.76     451.26    1509.55 CT_20130517_110551      three 
      1         lean_sum   2169   1751    1885.68      69.75   13306.50    1885.68      69.75   13306.50 CT_20130517_110740      three 
      1          fat_sum   1750   1450    1651.22      78.40    3402.48    1651.22      78.40    3402.48 CT_20130517_110740      three 
      1         bone_sum   5174   2170    2737.48     444.06    1371.01    2737.48     444.06    1371.01 CT_20130517_110740      three 
      1         lean_sum   2169   1751    1883.85      70.98   12667.11    1883.85      70.98   12667.11 CT_20130517_110927      three 
      1          fat_sum   1750   1450    1650.94      71.00    5054.57    1650.94      71.00    5054.57 CT_20130517_110927      three 
      1         bone_sum   5280   2170    2729.53     435.07    1310.13    2729.53     435.07    1310.13 CT_20130517_110927      three 
      1         lean_sum   2169   1751    1878.23      70.87   13327.45    1878.23      70.87   13327.45 CT_20130517_111120      three 
      1          fat_sum   1750   1450    1651.22      65.50    7355.99    1651.22      65.50    7355.99 CT_20130517_111120      three 
      1         bone_sum   5085   2170    2716.13     425.48    1338.65    2716.13     425.48    1338.65 CT_20130517_111120      three 
      1         lean_sum   2169   1751    1884.31      71.25   13320.93    1884.31      71.25   13320.93 CT_20130517_111331      three 
      1          fat_sum   1750   1450    1650.77      70.74    5478.96    1650.77      70.74    5478.96 CT_20130517_111331      three 
      1         bone_sum   5143   2170    2764.61     457.48    1436.35    2764.61     457.48    1436.35 CT_20130517_111331      three 
      1         lean_sum   2169   1751    1874.68      71.07   15390.81    1874.68      71.07   15390.81 CT_20130517_111527      three 
      1          fat_sum   1750   1450    1653.46      66.54    8416.94    1653.46      66.54    8416.94 CT_20130517_111527      three 
      1         bone_sum   5024   2170    2748.45     443.32    1463.01    2748.45     443.32    1463.01 CT_20130517_111527      three 
      1         lean_sum   2169   1751    1885.54      69.04   15933.53    1885.54      69.04   15933.53 CT_20130517_111812      three 
      1          fat_sum   1750   1450    1652.36      72.83    5374.67    1652.36      72.83    5374.67 CT_20130517_111812      three 
      1         bone_sum   4905   2170    2763.90     450.40    1552.26    2763.90     450.40    1552.26 CT_20130517_111812      three 
      1         lean_sum   2169   1751    1884.90      69.73   14181.96    1884.90      69.73   14181.96 CT_20130517_112004      three 
      1          fat_sum   1750   1450    1653.03      76.36    3931.70    1653.03      76.36    3931.70 CT_20130517_112004      three 
      1         bone_sum   5159   2170    2718.71     416.27    1454.04    2718.71     416.27    1454.04 CT_20130517_112004      three 
      1         lean_sum   2169   1751    1890.01      73.25   12411.98    1890.01      73.25   12411.98 CT_20130517_112155      three 
      1          fat_sum   1750   1450    1649.39      77.80    3476.22    1649.39      77.80    3476.22 CT_20130517_112155      three 
      1         bone_sum   4818   2170    2700.06     413.98    1394.45    2700.06     413.98    1394.45 CT_20130517_112155      three 
      1         lean_sum   2169   1751    1885.99      70.18   13811.83    1885.99      70.18   13811.83 CT_20130517_112437      three 
      1          fat_sum   1750   1450    1653.90      74.52    4356.51    1653.90      74.52    4356.51 CT_20130517_112437      three 
      1         bone_sum   5009   2170    2738.37     431.00    1436.17    2738.37     431.00    1436.17 CT_20130517_112437      three 
      1         lean_sum   2169   1751    1882.91      70.33   14273.30    1882.91      70.33   14273.30 CT_20130517_112632      three 
      1          fat_sum   1750   1450    1653.01      71.99    5335.71    1653.01      71.99    5335.71 CT_20130517_112632      three 
      1         bone_sum   4993   2170    2740.88     439.59    1429.08    2740.88     439.59    1429.08 CT_20130517_112632      three 
      1         lean_sum   2169   1751    1889.97      71.20   12501.66    1889.97      71.20   12501.66 CT_20130517_112817      three 
      1          fat_sum   1750   1450    1652.48      77.41    3156.36    1652.48      77.41    3156.36 CT_20130517_112817      three 
      1         bone_sum   5075   2170    2733.82     433.39    1297.98    2733.82     433.39    1297.98 CT_20130517_112817      three 
      1         lean_sum   2169   1751    1885.64      69.47   14585.17    1885.64      69.47   14585.17 CT_20130517_113312      three 
      1          fat_sum   1750   1450    1651.63      76.71    4063.06    1651.63      76.71    4063.06 CT_20130517_113312      three 
      1         bone_sum   4985   2170    2763.58     457.16    1479.82    2763.58     457.16    1479.82 CT_20130517_113312      three 
      1         lean_sum   2169   1751    1888.16      70.13   12563.14    1888.16      70.13   12563.14 CT_20130517_113526      three 
      1          fat_sum   1750   1450    1650.11      76.67    3532.72    1650.11      76.67    3532.72 CT_20130517_113526      three 
      1         bone_sum   4876   2170    2739.86     426.78    1294.08    2739.86     426.78    1294.08 CT_20130517_113526      three 
      1         lean_sum   2169   1751    1885.92      71.89   11551.63    1885.92      71.89   11551.63 CT_20130517_113714      three 
      1          fat_sum   1750   1450    1652.67      76.01    3818.91    1652.67      76.01    3818.91 CT_20130517_113714      three 
      1         bone_sum   4801   2170    2708.43     407.42    1216.49    2708.43     407.42    1216.49 CT_20130517_113714      three 
      1         lean_sum   2169   1751    1881.99      70.83   13314.86    1881.99      70.83   13314.86 CT_20130517_113915      three 
      1          fat_sum   1750   1450    1651.41      74.31    4820.75    1651.41      74.31    4820.75 CT_20130517_113915      three 
      1         bone_sum   5165   2170    2737.07     434.27    1343.84    2737.07     434.27    1343.84 CT_20130517_113915      three 
      1         lean_sum   2169   1751    1880.72      70.24   14218.93    1880.72      70.24   14218.93 CT_20130517_114215      three 
      1          fat_sum   1750   1450    1653.01      71.92    5357.81    1653.01      71.92    5357.81 CT_20130517_114215      three 
      1         bone_sum   4936   2170    2741.74     433.31    1385.52    2741.74     433.31    1385.52 CT_20130517_114215      three 
      1         lean_sum   2169   1751    1882.68      71.77   11839.54    1882.68      71.77   11839.54 CT_20130517_114356      three 
      1          fat_sum   1750   1450    1649.49      73.08    4351.05    1649.49      73.08    4351.05 CT_20130517_114356      three 
      1         bone_sum   4870   2170    2703.52     408.81    1232.69    2703.52     408.81    1232.69 CT_20130517_114356      three 
      1         lean_sum   2169   1751    1888.43      69.62   13032.08    1888.43      69.62   13032.08 CT_20130517_114622      three 
      1          fat_sum   1750   1450    1649.19      81.52    2959.01    1649.19      81.52    2959.01 CT_20130517_114622      three 
      1         bone_sum   5810   2170    2757.64     444.12    1377.81    2757.64     444.12    1377.81 CT_20130517_114622      three 
      1         lean_sum   2169   1751    1887.67      68.07   14541.57    1887.67      68.07   14541.57 CT_20130517_114838      three 
      1          fat_sum   1750   1450    1639.55      88.84    2385.58    1639.55      88.84    2385.58 CT_20130517_114838      three 
      1         bone_sum   4750   2170    2714.92     418.12    1369.79    2714.92     418.12    1369.79 CT_20130517_114838      three 
      1         lean_sum   2169   1751    1888.24      71.30   10997.31    1888.24      71.30   10997.31 CT_20130517_115026      three 
      1          fat_sum   1750   1450    1650.24      75.12    3417.55    1650.24      75.12    3417.55 CT_20130517_115026      three 
      1         bone_sum   5248   2170    2717.66     409.05    1240.94    2717.66     409.05    1240.94 CT_20130517_115026      three 
      1         lean_sum   2169   1751    1893.67      74.35    9264.14    1893.67      74.35    9264.14 CT_20130517_115228      three 
      1          fat_sum   1750   1450    1646.34      73.70    3338.79    1646.34      73.70    3338.79 CT_20130517_115228      three 
      1         bone_sum   4907   2170    2642.36     362.21    1124.64    2642.36     362.21    1124.64 CT_20130517_115228      three 
      1         lean_sum   2169   1751    1885.39      70.06   12501.78    1885.39      70.06   12501.78 CT_20130517_115427      three 
      1          fat_sum   1750   1450    1650.39      76.07    3872.11    1650.39      76.07    3872.11 CT_20130517_115427      three 
      1         bone_sum   5101   2170    2707.43     399.89    1352.18    2707.43     399.89    1352.18 CT_20130517_115427      three 
      1         lean_sum   2169   1751    1885.33      69.41   15715.13    1885.33      69.41   15715.13 CT_20130517_132451      three 
      1          fat_sum   1750   1450    1657.48      75.17    3942.66    1657.48      75.17    3942.66 CT_20130517_132451      three 
      1         bone_sum   4783   2170    2686.56     404.51    1316.40    2686.56     404.51    1316.40 CT_20130517_132451      three 
      1         lean_sum   2169   1751    1884.28      68.39   16407.24    1884.28      68.39   16407.24 CT_20130517_132655      three 
      1          fat_sum   1750   1450    1656.01      74.38    4183.55    1656.01      74.38    4183.55 CT_20130517_132655      three 
      1         bone_sum   4846   2170    2673.61     398.82    1364.74    2673.61     398.82    1364.74 CT_20130517_132655      three 
      1         lean_sum   2169   1751    1876.85      69.09   16751.78    1876.85      69.09   16751.78 CT_20130517_132952      three 
      1          fat_sum   1750   1450    1659.58      65.24    7913.30    1659.58      65.24    7913.30 CT_20130517_132952      three 
      1         bone_sum   4867   2170    2678.40     403.32    1352.96    2678.40     403.32    1352.96 CT_20130517_132952      three 
      1         lean_sum   2169   1751    1886.03      68.73   17553.56    1886.03      68.73   17553.56 CT_20130517_133155      three 
      1          fat_sum   1750   1450    1653.23      78.52    3979.02    1653.23      78.52    3979.02 CT_20130517_133155      three 
      1         bone_sum   4958   2170    2697.44     428.29    1454.58    2697.44     428.29    1454.58 CT_20130517_133155      three 
      1         lean_sum   2169   1751    1877.40      69.09   16230.29    1877.40      69.09   16230.29 CT_20130517_133618      three 
      1          fat_sum   1750   1450    1658.40      67.82    6530.68    1658.40      67.82    6530.68 CT_20130517_133618      three 
      1         bone_sum   4774   2170    2680.59     399.62    1370.25    2680.59     399.62    1370.25 CT_20130517_133618      three 
      1         lean_sum   2169   1751    1883.59      68.54   15174.07    1883.59      68.54   15174.07 CT_20130517_133825      three 
      1          fat_sum   1750   1450    1656.63      75.12    3801.03    1656.63      75.12    3801.03 CT_20130517_133825      three 
      1         bone_sum   4783   2170    2662.70     379.13    1299.13    2662.70     379.13    1299.13 CT_20130517_133825      three 
      1         lean_sum   2169   1751    1883.33      67.79   17022.82    1883.33      67.79   17022.82 CT_20130517_134022      three 
      1          fat_sum   1750   1450    1655.94      76.79    4345.66    1655.94      76.79    4345.66 CT_20130517_134022      three 
      1         bone_sum   4886   2170    2741.18     444.57    1453.36    2741.18     444.57    1453.36 CT_20130517_134022      three 
      1         lean_sum   2169   1751    1879.33      69.65   14900.60    1879.33      69.65   14900.60 CT_20130517_134252      three 
      1          fat_sum   1750   1450    1658.64      68.43    5712.86    1658.64      68.43    5712.86 CT_20130517_134252      three 
      1         bone_sum   4867   2170    2665.21     382.15    1311.38    2665.21     382.15    1311.38 CT_20130517_134252      three 
      1         lean_sum   2169   1751    1887.88      69.08   14915.34    1887.88      69.08   14915.34 CT_20130517_134451      three 
      1          fat_sum   1750   1450    1652.92      77.65    3597.90    1652.92      77.65    3597.90 CT_20130517_134451      three 
      1         bone_sum   4776   2170    2655.75     382.85    1286.43    2655.75     382.85    1286.43 CT_20130517_134451      three 
      1         lean_sum   2169   1751    1882.11      68.37   17076.64    1882.11      68.37   17076.64 CT_20130517_134957      three 
      1          fat_sum   1750   1450    1659.90      70.14    5263.74    1659.90      70.14    5263.74 CT_20130517_134957      three 
      1         bone_sum   4812   2170    2682.67     401.99    1380.53    2682.67     401.99    1380.53 CT_20130517_134957      three 
      1         lean_sum   2169   1751    1882.91      68.87   16519.95    1882.91      68.87   16519.95 CT_20130517_135431      three 
      1          fat_sum   1750   1450    1661.04      68.06    5815.98    1661.04      68.06    5815.98 CT_20130517_135431      three 
      1         bone_sum   5144   2170    2675.17     402.27    1376.20    2675.17     402.27    1376.20 CT_20130517_135431      three 
      1         lean_sum   2169   1751    1879.09      69.78   16521.25    1879.09      69.78   16521.25 CT_20130517_135628      three 
      1          fat_sum   1750   1450    1660.55      68.56    6228.22    1660.55      68.56    6228.22 CT_20130517_135628      three 
      1         bone_sum   4888   2170    2682.23     412.78    1380.28    2682.23     412.78    1380.28 CT_20130517_135628      three 
      1         lean_sum   2169   1751    1886.72      69.94   12820.30    1886.72      69.94   12820.30 CT_20130517_135941      three 
      1          fat_sum   1750   1450    1654.20      73.51    3930.92    1654.20      73.51    3930.92 CT_20130517_135941      three 
      1         bone_sum   4948   2170    2702.58     404.60    1336.35    2702.58     404.60    1336.35 CT_20130517_135941      three 
      1         lean_sum   2169   1751    1887.37      69.03   14667.95    1887.37      69.03   14667.95 CT_20130517_140142      three 
      1          fat_sum   1750   1450    1648.33      84.12    2887.62    1648.33      84.12    2887.62 CT_20130517_140142      three 
      1         bone_sum   5018   2170    2744.64     448.51    1436.79    2744.64     448.51    1436.79 CT_20130517_140142      three 
      1         lean_sum   2169   1751    1885.47      70.20   13425.78    1885.47      70.20   13425.78 CT_20130517_140350      three 
      1          fat_sum   1750   1450    1655.02      74.10    4202.70    1655.02      74.10    4202.70 CT_20130517_140350      three 
      1         bone_sum   4873   2170    2661.02     382.74    1291.21    2661.02     382.74    1291.21 CT_20130517_140350      three 
      1         lean_sum   2169   1751    1887.71      69.41   13733.59    1887.71      69.41   13733.59 CT_20130517_140551      three 
      1          fat_sum   1750   1450    1652.17      78.42    3238.28    1652.17      78.42    3238.28 CT_20130517_140551      three 
      1         bone_sum   5175   2170    2725.17     425.24    1359.96    2725.17     425.24    1359.96 CT_20130517_140551      three 
      1         lean_sum   2169   1751    1885.15      69.71   13503.29    1885.15      69.71   13503.29 CT_20130517_140756      three 
      1          fat_sum   1750   1450    1654.38      75.66    3752.13    1654.38      75.66    3752.13 CT_20130517_140756      three 
      1         bone_sum   4914   2170    2705.47     399.61    1351.37    2705.47     399.61    1351.37 CT_20130517_140756      three 
      1         lean_sum   2169   1751    1882.23      70.37   14172.50    1882.23      70.37   14172.50 CT_20130517_140952      three 
      1          fat_sum   1750   1450    1656.76      70.07    5162.62    1656.76      70.07    5162.62 CT_20130517_140952      three 
      1         bone_sum   4927   2170    2702.25     407.77    1367.52    2702.25     407.77    1367.52 CT_20130517_140952      three 
      1         lean_sum   2169   1751    1883.67      68.17   14643.82    1883.67      68.17   14643.82 CT_20130517_141146      three 
      1          fat_sum   1750   1450    1655.66      76.03    3904.23    1655.66      76.03    3904.23 CT_20130517_141146      three 
      1         bone_sum   4975   2170    2721.06     417.79    1373.60    2721.06     417.79    1373.60 CT_20130517_141146      three 
      1         lean_sum   2169   1751    1884.98      69.22   13482.05    1884.98      69.22   13482.05 CT_20130517_141354      three 
      1          fat_sum   1750   1450    1653.49      75.97    3713.90    1653.49      75.97    3713.90 CT_20130517_141354      three 
      1         bone_sum   5065   2170    2723.17     417.60    1342.36    2723.17     417.60    1342.36 CT_20130517_141354      three 
      1         lean_sum   2169   1751    1888.10      68.77   13422.28    1888.10      68.77   13422.28 CT_20130517_141555      three 
      1          fat_sum   1750   1450    1648.28      82.90    2698.41    1648.28      82.90    2698.41 CT_20130517_141555      three 
      1         bone_sum   5329   2170    2770.23     459.20    1326.03    2770.23     459.20    1326.03 CT_20130517_141555      three 
      1         lean_sum   2169   1751    1889.46      69.45   12653.44    1889.46      69.45   12653.44 CT_20130517_141753      three 
      1          fat_sum   1750   1450    1652.59      78.62    3137.67    1652.59      78.62    3137.67 CT_20130517_141753      three 
      1         bone_sum   5143   2170    2723.91     423.21    1321.55    2723.91     423.21    1321.55 CT_20130517_141753      three 
      1         lean_sum   2169   1751    1883.09      69.31   14390.92    1883.09      69.31   14390.92 CT_20130517_142011      three 
      1          fat_sum   1750   1450    1656.85      73.77    4483.76    1656.85      73.77    4483.76 CT_20130517_142011      three 
      1         bone_sum   4912   2170    2736.40     432.70    1391.06    2736.40     432.70    1391.06 CT_20130517_142011      three 
      1         lean_sum   2169   1751    1882.10      70.08   13905.81    1882.10      70.08   13905.81 CT_20130517_142207      three 
      1          fat_sum   1750   1450    1656.52      72.98    4395.35    1656.52      72.98    4395.35 CT_20130517_142207      three 
      1         bone_sum   5810   2170    2729.73     432.50    1324.30    2729.73     432.50    1324.30 CT_20130517_142207      three 
      1         lean_sum   2791   2115    2324.62     116.83   10629.67    2324.62     116.83   10629.67 CT_20130605_095904 CT_20130605_095904 
      1          fat_sum   2114   1629    1963.22     116.84    3930.67    1963.22     116.84    3930.67 CT_20130605_095904 CT_20130605_095904 
      1         bone_sum   7504   2792    3631.25     675.69    1124.77    3631.25     675.69    1124.77 CT_20130605_095904 CT_20130605_095904 
      1         lean_sum   2791   2115    2333.68     115.25   13290.68    2333.68     115.25   13290.68 CT_20130605_100123 CT_20130605_100123 
      1          fat_sum   2114   1629    1952.46     132.51    3414.19    1952.46     132.51    3414.19 CT_20130605_100123 CT_20130605_100123 
      1         bone_sum   7606   2792    3607.80     641.84    1327.20    3607.80     641.84    1327.20 CT_20130605_100123 CT_20130605_100123 
      1         lean_sum   2791   2115    2341.29     111.25   14504.46    2341.29     111.25   14504.46 CT_20130605_100449 CT_20130605_100449 
      1          fat_sum   2114   1629    1951.05     132.56    3314.22    1951.05     132.56    3314.22 CT_20130605_100449 CT_20130605_100449 
      1         bone_sum   7513   2792    3743.15     759.82    1475.50    3743.15     759.82    1475.50 CT_20130605_100449 CT_20130605_100449 
      1         lean_sum   2791   2115    2337.07     111.88   12955.73    2337.07     111.88   12955.73 CT_20130605_100741 CT_20130605_100741 
      1          fat_sum   2114   1629    1957.83     127.36    3217.12    1957.83     127.36    3217.12 CT_20130605_100741 CT_20130605_100741 
      1         bone_sum   7302   2792    3654.32     691.65    1304.48    3654.32     691.65    1304.48 CT_20130605_100741 CT_20130605_100741 
      1         lean_sum   2791   2115    2339.37     113.36   13448.31    2339.37     113.36   13448.31 CT_20130605_101006 CT_20130605_101006 
      1          fat_sum   2114   1629    1953.03     135.99    2757.47    1953.03     135.99    2757.47 CT_20130605_101006 CT_20130605_101006 
      1         bone_sum   7573   2792    3720.24     726.86    1485.41    3720.24     726.86    1485.41 CT_20130605_101006 CT_20130605_101006 
      1         lean_sum   2791   2115    2331.90     111.08   14051.62    2331.90     111.08   14051.62 CT_20130605_101357 CT_20130605_101357 
      1          fat_sum   2114   1629    1950.84     135.98    2831.31    1950.84     135.98    2831.31 CT_20130605_101357 CT_20130605_101357 
      1         bone_sum   7146   2792    3725.08     740.56    1406.36    3725.08     740.56    1406.36 CT_20130605_101357 CT_20130605_101357 
      1         lean_sum   2791   2115    2339.58     109.87   12945.29    2339.58     109.87   12945.29 CT_20130605_101602 CT_20130605_101602 
      1          fat_sum   2114   1629    1949.70     135.44    2592.24    1949.70     135.44    2592.24 CT_20130605_101602 CT_20130605_101602 
      1         bone_sum   7576   2792    3621.21     670.35    1293.99    3621.21     670.35    1293.99 CT_20130605_101602 CT_20130605_101602 
      1         lean_sum   2791   2115    2336.46     112.49   14049.45    2336.46     112.49   14049.45 CT_20130605_101819 CT_20130605_101819 
      1          fat_sum   2114   1629    1960.25     124.54    3734.16    1960.25     124.54    3734.16 CT_20130605_101819 CT_20130605_101819 
      1         bone_sum   7296   2792    3670.01     699.49    1404.69    3670.01     699.49    1404.69 CT_20130605_101819 CT_20130605_101819 
      1         lean_sum   2791   2115    2337.65     108.30   13052.57    2337.65     108.30   13052.57 CT_20130605_102104 CT_20130605_102104 
      1          fat_sum   2114   1629    1940.75     141.71    2167.70    1940.75     141.71    2167.70 CT_20130605_102104 CT_20130605_102104 
      1         bone_sum   7266   2792    3641.04     672.46    1298.72    3641.04     672.46    1298.72 CT_20130605_102104 CT_20130605_102104 
      1         lean_sum   2791   2115    2327.67     111.47   14279.62    2327.67     111.47   14279.62 CT_20130605_102440 CT_20130605_102440 
      1          fat_sum   2114   1629    1957.66     108.28    6390.01    1957.66     108.28    6390.01 CT_20130605_102440 CT_20130605_102440 
      1         bone_sum   7228   2792    3667.92     700.76    1436.60    3667.92     700.76    1436.60 CT_20130605_102440 CT_20130605_102440 
      1         lean_sum   2791   2115    2321.63     115.28   14377.74    2321.63     115.28   14377.74 CT_20130605_102657 CT_20130605_102657 
      1          fat_sum   2114   1629    1948.31     103.14    9628.92    1948.31     103.14    9628.92 CT_20130605_102657 CT_20130605_102657 
      1         bone_sum   8263   2792    3746.85     744.25    1481.31    3746.85     744.25    1481.31 CT_20130605_102657 CT_20130605_102657 
      1         lean_sum   2791   2115    2325.34     114.05   15719.94    2325.34     114.05   15719.94 CT_20130605_102855 CT_20130605_102855 
      1          fat_sum   2114   1629    1959.68     106.77    7635.24    1959.68     106.77    7635.24 CT_20130605_102855 CT_20130605_102855 
      1         bone_sum   7504   2792    3735.65     733.88    1626.44    3735.65     733.88    1626.44 CT_20130605_102855 CT_20130605_102855 
      1         lean_sum   2791   2115    2332.29     115.20   14020.48    2332.29     115.20   14020.48 CT_20130605_103431 CT_20130605_103431 
      1          fat_sum   2114   1629    1963.66     116.42    4860.30    1963.66     116.42    4860.30 CT_20130605_103431 CT_20130605_103431 
      1         bone_sum   7411   2792    3748.14     753.32    1559.20    3748.14     753.32    1559.20 CT_20130605_103431 CT_20130605_103431 
      1         lean_sum   2791   2115    2333.46     115.01   13198.04    2333.46     115.01   13198.04 CT_20130605_103645 CT_20130605_103645 
      1          fat_sum   2114   1629    1959.58     127.72    3492.73    1959.58     127.72    3492.73 CT_20130605_103645 CT_20130605_103645 
      1         bone_sum   7585   2792    3742.18     753.34    1461.15    3742.18     753.34    1461.15 CT_20130605_103645 CT_20130605_103645 
      1         lean_sum   2791   2115    2327.21     115.06   16022.51    2327.21     115.06   16022.51 CT_20130605_103842 CT_20130605_103842 
      1          fat_sum   2114   1629    1964.72     118.41    5450.87    1964.72     118.41    5450.87 CT_20130605_103842 CT_20130605_103842 
      1         bone_sum   9048   2792    3857.22     839.44    1635.40    3857.22     839.44    1635.40 CT_20130605_103842 CT_20130605_103842 
      1         lean_sum   2791   2115    2324.98     112.80   16865.95    2324.98     112.80   16865.95 CT_20130605_104115 CT_20130605_104115 
      1          fat_sum   2114   1629    1962.85     108.36    7545.89    1962.85     108.36    7545.89 CT_20130605_104115 CT_20130605_104115 
      1         bone_sum   7934   2792    3765.72     763.49    1540.35    3765.72     763.49    1540.35 CT_20130605_104115 CT_20130605_104115 
      1         lean_sum   2791   2115    2327.59     112.67   15141.84    2327.59     112.67   15141.84 CT_20130605_104525 CT_20130605_104525 
      1          fat_sum   2114   1629    1967.31     114.91    5429.35    1967.31     114.91    5429.35 CT_20130605_104525 CT_20130605_104525 
      1         bone_sum   7341   2792    3676.82     694.23    1431.19    3676.82     694.23    1431.19 CT_20130605_104525 CT_20130605_104525 
      1         lean_sum   2791   2115    2335.75     112.67   15630.85    2335.75     112.67   15630.85 CT_20130605_104804 CT_20130605_104804 
      1          fat_sum   2114   1629    1958.17     128.93    3716.67    1958.17     128.93    3716.67 CT_20130605_104804 CT_20130605_104804 
      1         bone_sum   7428   2792    3763.29     771.08    1612.41    3763.29     771.08    1612.41 CT_20130605_104804 CT_20130605_104804 
      1         lean_sum   2791   2115    2328.50     113.51   15535.52    2328.50     113.51   15535.52 CT_20130605_105027 CT_20130605_105027 
      1          fat_sum   2114   1629    1961.07     116.36    5246.44    1961.07     116.36    5246.44 CT_20130605_105027 CT_20130605_105027 
      1         bone_sum   7506   2792    3766.70     778.19    1567.47    3766.70     778.19    1567.47 CT_20130605_105027 CT_20130605_105027 
      1         lean_sum   2791   2115    2340.77     114.23   14314.50    2340.77     114.23   14314.50 CT_20130605_105327 CT_20130605_105327 
      1          fat_sum   2114   1629    1955.21     126.28    3613.96    1955.21     126.28    3613.96 CT_20130605_105327 CT_20130605_105327 
      1         bone_sum   7664   2792    3787.85     822.96    1352.15    3787.85     822.96    1352.15 CT_20130605_105327 CT_20130605_105327 
      1         lean_sum   2791   2115    2325.85     115.74   13035.57    2325.85     115.74   13035.57 CT_20130605_105523 CT_20130605_105523 
      1          fat_sum   2114   1629    1962.48     110.43    5732.29    1962.48     110.43    5732.29 CT_20130605_105523 CT_20130605_105523 
      1         bone_sum   7227   2792    3692.45     707.12    1378.41    3692.45     707.12    1378.41 CT_20130605_105523 CT_20130605_105523 
      1         lean_sum   2791   2115    2343.98     111.38   13581.07    2343.98     111.38   13581.07 CT_20130605_105756 CT_20130605_105756 
      1          fat_sum   2114   1629    1947.22     136.10    2641.80    1947.22     136.10    2641.80 CT_20130605_105756 CT_20130605_105756 
      1         bone_sum   7225   2792    3631.26     668.09    1405.13    3631.26     668.09    1405.13 CT_20130605_105756 CT_20130605_105756 
      1         lean_sum   2791   2115    2336.20     112.55   12249.72    2336.20     112.55   12249.72 CT_20130605_110021 CT_20130605_110021 
      1          fat_sum   2114   1629    1956.85     127.86    3104.45    1956.85     127.86    3104.45 CT_20130605_110021 CT_20130605_110021 
      1         bone_sum   7034   2792    3572.29     633.81    1229.89    3572.29     633.81    1229.89 CT_20130605_110021 CT_20130605_110021 


